%Voxel Size in cm
XPixDim=0.09765625;
YPixDim=0.09765625;
ZPixDim=0.25;
NoSampleZPix=1;

